10
0 1 1251 257219
0 2 193304 539546
0 3 585009 293722
0 4 350291 577932
0 5 822840 6760
0 6 174108 638328
0 7 710501 324342
0 8 303995 887323
0 9 91403 144414
1 2 147313 521091
1 3 988525 634291
1 4 119083 775420
1 5 8911 63842
1 6 531663 101151
1 7 601764 89053
1 8 166234 310813
1 9 450789 416944
2 3 57039 293136
2 4 783319 116108
2 5 519883 550603
2 6 875973 77831
2 7 955901 204590
2 8 539354 835572
2 9 462081 623399
3 4 862239 947246
3 5 779656 188452
3 6 996796 301724
3 7 611499 460906
3 8 266213 380972
3 9 840144 247737
4 5 375866 805646
4 6 677206 78478
4 7 8789 855791
4 8 275887 429197
4 9 587909 63475
5 6 837611 51289
5 7 484939 690347
5 8 743736 424235
5 9 457961 592993
6 7 744438 37031
6 8 599048 464434
6 9 735008 179263
7 8 572405 486407
7 9 151555 423411
8 9 425153 367290
